-2.255880e-01
7.141631e-01
8.167378e-01
2.514830e-01
-3.771405e-01
-5.242541e-01
5.208556e-01
6.813982e-01
-8.461630e-02
1.274167e-01
8.039945e-01
1.455892e-02
2.164401e-01
4.370323e-01
-1.164693e-01
1.020106e+00
1.009355e+00
5.703333e-01
6.616237e-01
-4.400870e-01
4.691401e-01
-3.107529e-01
4.173979e-02
-1.231118e-01
1.401517e-01
1.713385e-01
-4.713261e-01
-2.002412e-01
-6.584813e-01
1.365343e-01
5.453013e-01
3.387600e-01
8.250540e-01
-3.012465e-01
-1.077593e-01
-4.153510e-02
-2.820460e-01
-3.638349e-01
7.025840e-01
-9.284299e-02
2.434263e-01
4.190778e-01
-3.424345e-01
6.539879e-01
7.784301e-01
-7.784609e-01
-5.528395e-01
-4.943880e-01
3.411719e-01
-2.142093e-01
-1.996865e-01
-2.196248e-01
-3.229621e-01
7.662298e-02
4.758999e-01
3.458131e-01
6.833685e-01
2.897406e-01
-5.995899e-01
1.199677e-01
6.343430e-02
-4.377317e-01
-1.019892e+00
-1.936897e-01
-4.498154e-01
7.410327e-01
4.056636e-03
2.986395e-01
-4.237303e-02
6.864576e-01
3.162235e-01
-1.849528e-01
-4.603875e-01
-7.457914e-01
4.940296e-02
-2.767357e-01
-4.822545e-01
4.690931e-01
4.377212e-01
-5.777320e-01
-4.111817e-01
-1.289920e-01
6.022228e-01
-7.268431e-01
-2.833206e-01
-4.526377e-01
4.258299e-01
3.223974e-01
1.193382e-01
-3.772592e-01
-8.337573e-02
-4.317133e-01
6.681307e-01
-8.423993e-02
-3.174529e-02
9.326486e-02
-5.553831e-02
4.422031e-01
-1.076090e-01
3.760462e-01
5.430646e-01
-9.909743e-02
6.324882e-01
2.180970e-01
-7.047269e-01
5.882788e-02
3.530598e-01
-4.026106e-01
1.034475e-01
-1.080498e+00
-3.766627e-01
-2.131516e-01
8.158751e-01
7.592818e-01
2.350983e-01
-3.315395e-01
2.694237e-01
-4.519215e-01
2.770746e-01
-4.590526e-01
-6.058202e-02
-4.097898e-01
3.776794e-01
3.275125e-02
4.037264e-01
1.587470e-02
2.385574e-01
-1.850865e-01
5.754550e-01
-5.219593e-01
6.025128e-01
-2.163450e-01
1.046260e+00
3.788519e-01
-8.719971e-01
-1.525567e-01
-2.532967e-01
3.619865e-01
5.093830e-01
6.372978e-01
-1.481123e-01
-3.635037e-01
-2.641085e-01
-1.322925e+00
3.907938e-01
9.095675e-01
5.115991e-01
-1.815831e-01
-2.820809e-01
4.436423e-01
-7.290304e-02
-1.831824e-01
-4.825939e-01
3.054223e-01
6.093671e-01
-3.823423e-01
-2.701752e-02
-3.566729e-01
4.322017e-01
-1.346849e-01
-6.907526e-02
-2.840782e-01
-6.197287e-01
-2.315173e-01
5.767923e-01
1.237207e-01
8.405296e-01
-1.940671e-01
3.491293e-01
-4.240683e-01
2.404405e-01
-2.705414e-01
6.701656e-02
2.814785e-01
1.454940e-01
-5.402885e-01
-2.336452e-01
2.664362e-01
-2.742501e-01
3.498393e-01
2.161483e-01
7.874760e-01
-8.562209e-02
4.450736e-01
-4.410357e-01
1.121633e+00
-1.974801e-01
3.016045e-01
-5.166563e-02
-4.817229e-01
5.464209e-01
-2.026305e-02
2.039709e-01
-2.942603e-02
-6.179579e-01
2.251657e-01
5.720456e-01
-8.327754e-01
-3.782223e-02
2.634881e-01
-3.119135e-02
-2.828432e-01
1.917671e-01
2.047799e-01
-5.553476e-02
-4.960441e-01
-2.854139e-01
5.568693e-01
5.335565e-01
1.939271e-01
-5.001873e-01
-7.126572e-01
-4.388427e-01
8.287898e-01
-1.245931e-02
5.530185e-02
-6.731990e-01
-1.113276e-01
1.996887e-01
6.409355e-01
-3.587632e-01
5.246139e-01
-8.782364e-01
1.059445e+00
-5.767497e-01
8.854847e-02
-1.345413e-01
-4.434288e-01
-9.560563e-01
-4.823728e-01
-3.045829e-01
2.034165e-01
-2.182309e-01
-1.951669e-01
-1.575101e-01
2.936563e-01
4.078713e-02
-6.623834e-01
-5.203921e-01
3.313318e-01
-8.858182e-01
1.014859e-01
4.437977e-01
1.491672e-02
3.316569e-01
4.437603e-01
2.812015e-01
-4.877576e-01
-8.083131e-01
5.572286e-01
3.125202e-01
1.149863e-01
1.446244e-01
2.231060e-01
8.179055e-01
-7.959534e-02
-1.260360e-01
2.894700e-01
1.736967e-01
9.157719e-01
-6.279541e-01
-7.876022e-01
3.722302e-01
-3.744923e-01
2.591078e-01
-4.606147e-01
6.548240e-01
-1.197910e-01
-1.438399e-01
-5.246461e-01
3.137871e-01
5.580321e-01
-4.839509e-01
-6.479264e-02
9.541979e-02
2.535025e-01
-3.504166e-01
-7.313406e-01
5.669566e-02
-6.680830e-01
-7.067834e-02
4.461127e-01
7.779074e-02
1.673160e-01
-1.453814e+00
-5.007622e-01
3.900704e-01
-4.238559e-01
1.854550e-01
-8.818486e-02
-2.282573e-01
1.026597e+00
6.511285e-01
-2.228313e-01
3.919656e-01
4.745266e-01
3.522414e-01
-6.132712e-02
-4.295217e-02
-5.418597e-01
-2.461604e-01
-9.302346e-01
1.978171e-01
-9.856116e-01
-6.164937e-01
3.062466e-01
1.071110e-01
-5.909612e-01
-4.552563e-01
-4.322937e-01
3.825216e-02
4.430955e-01
-6.861899e-02
1.281801e-01
3.254797e-01
3.054706e-01
3.718957e-01
5.765102e-02
-2.120114e-01
3.084787e-01
-3.573516e-01
1.169199e-01
-4.368724e-01
-2.951758e-01
7.380791e-01
-5.803296e-01
-5.130015e-01
-5.319527e-02
5.246561e-02
4.897300e-01
-3.455225e-01
-3.729837e-01
6.498856e-01
-3.066355e-01
-3.049730e-01
-5.789398e-01
1.037065e-01
1.070328e+00
-4.183039e-01
4.068132e-01
-7.160046e-01
-6.813122e-01
2.502594e-01
1.856408e-01
4.155349e-01
-3.992859e-01
-2.677313e-01
9.066177e-01
1.176827e+00
9.677993e-01
-7.579598e-01
4.603868e-01
4.480413e-02
-2.222195e-02
-4.312347e-01
8.054607e-01
-4.510800e-01
4.377445e-01
-6.479971e-02
-7.784563e-02
-1.922541e-01
-4.854108e-01
3.769873e-01
-1.242979e-01
1.382739e-01
-3.026464e-01
1.386086e-01
-2.908056e-01
7.938084e-01
5.905480e-02
-7.488323e-02
6.262250e-01
3.750533e-01
7.064510e-02
7.306162e-01
5.019212e-01
-3.840156e-01
3.516149e-02
6.116966e-01
4.645159e-01
3.210011e-01
-3.981925e-02
9.434225e-01
9.734611e-01
1.338074e-01
5.696463e-01
-1.875687e-01
-3.001951e-01
-1.272742e-01
1.075025e-01
2.556833e-01
-4.083200e-01
3.101288e-02
-4.197248e-01
-7.186043e-01
2.748970e-01
-8.438961e-01
2.637873e-01
-4.153217e-01
1.834104e-03
2.404301e-01
8.910419e-01
8.507009e-02
-7.466241e-01
-6.228596e-01
3.421353e-01
-1.133005e-01
-1.001684e-01
5.793567e-01
7.616727e-01
2.784042e-02
-3.174051e-02
-7.129978e-01
5.720856e-01
-3.863556e-02
-2.499480e-01
5.718883e-01
8.701949e-02
1.773620e-01
1.286298e-01
9.264662e-01
6.109234e-01
3.462641e-02
7.517075e-01
5.245358e-01
4.402772e-01
-2.675749e-01
6.489235e-01
6.189045e-01
-1.010113e-01
2.871410e-01
3.577003e-01
-1.184789e-01
-2.933102e-01
8.276373e-02
-1.623029e-02
-4.643993e-01
-1.760264e-01
-9.107895e-01
1.233840e-01
-2.574288e-01
2.316597e-01
8.680093e-01
1.868703e-01
3.115300e-01
3.723730e-01
7.704284e-02
-6.186373e-04
-5.404720e-01
3.024759e-01
-5.751763e-01
-2.595484e-01
-2.613177e-01
3.586379e-01
-3.852905e-01
-4.471332e-01
-1.482973e-01
-4.916548e-01
-4.161122e-02
2.359320e-01
8.237587e-02
3.154176e-01
2.856566e-01
-4.489111e-01
-8.443733e-01
1.360701e+00
-3.454358e-01
-1.360626e-01
4.517969e-02
7.096244e-01
4.446087e-03
-2.434399e-01
5.194029e-01
-7.958182e-01
3.969442e-02
3.006920e-01
-5.428426e-01
-9.200665e-01
1.771448e-01
1.095613e-01
1.142246e-01
-1.919838e-01
9.230705e-02
-2.608490e-01
1.041831e+00
2.282503e-01
7.767071e-01
6.514878e-01
2.283671e-01
3.291714e-01
-3.419144e-01
1.810976e+00
-1.744901e-02
7.706650e-01
-7.885904e-01
4.996877e-01
-8.298492e-01
-3.131513e-01
-3.090826e-01
-6.645871e-01
-3.827729e-01
5.581970e-01
7.668111e-01
8.788604e-01
-1.596729e-01
-4.901400e-01
-3.326317e-01
-5.656279e-02
2.167322e-01
-2.271579e-01
6.328516e-01
3.269795e-01
